QGC WPL 110
0	1	3	112	1	0	0	0	0	0	0	1
1	0	3	211	0	0	0	0	0	0	0	1
2	0	3	22	0	0	0	0	0.0	0.0	20.0	1
3	0	3	16	0	0	0	0	34.1892123	-118.941072	7.0	1
4	0	3	16	0	0	0	0	34.1894114	-118.9413406	7.0	1
5	0	3	16	0	0	0	0	34.1893434	-118.9416979	7.0	1
6	0	3	16	0	0	0	0	34.1897431	-118.9415652	7.0	1
7	0	3	16	0	0	0	0	34.1888856	-118.9403003	7.0	1
8	0	3	16	0	0	0	0	34.19042719999999	-118.9385126	7.0	1
9	0	3	16	0	0	0	0	34.4197765	-119.6846459	7.0	1
10	0	3	16	0	0	0	0	34.4197599	-119.6892145	7.0	1
11	0	3	16	0	0	0	0	34.4247941	-119.6960163	7.0	1
12	0	3	16	0	0	0	0	34.4279531	-119.6927159	7.0	1
13	0	3	16	0	0	0	0	34.4289128	-119.6948753	7.0	1
14	0	3	21	0	0	0	0	34.4289128	-119.6948753	0	1
15	0	3	211	1	0	0	0	0	0	0	1
